# x: left to right, y: bottom to top, coords are for bottom left corner of sub-image
# index x y w h advance bearing_x bearing_y
33 156 52 5 23 9 2 23
34 10 371 9 8 11 1 23
35 643 444 18 23 18 0 23
36 237 351 16 27 18 1 24
37 330 126 26 23 28 1 23
38 519 312 20 23 21 1 23
39 582 616 4 8 6 1 23
40 42 365 9 29 11 1 23
41 176 106 9 29 11 1 23
42 43 330 11 10 12 1 23
43 551 297 16 15 19 1 19
44 690 304 5 8 9 2 3
45 284 643 9 3 11 1 10
46 467 646 5 3 9 2 3
47 660 643 9 23 9 0 23
48 186 542 16 23 18 1 23
49 669 643 9 23 18 3 23
50 485 496 17 23 18 0 23
51 673 519 16 23 18 1 23
52 519 496 17 23 18 0 23
53 140 374 16 23 18 1 23
54 140 351 16 23 18 1 23
55 657 519 16 23 18 1 23
56 140 282 16 23 18 1 23
57 140 259 16 23 18 1 23
58 18 134 5 17 9 2 17
59 131 403 5 22 9 2 17
60 519 297 16 15 19 1 19
61 7 254 16 10 19 1 17
62 503 297 16 15 19 1 19
63 140 213 16 23 18 1 23
64 25 636 31 30 32 1 23
65 596 195 23 23 21 -1 23
66 517 444 18 23 21 2 23
67 617 149 21 23 23 1 23
68 559 312 20 23 23 2 23
69 546 415 18 23 21 2 23
70 553 496 17 23 20 2 23
71 640 53 22 23 25 1 23
72 648 336 19 23 23 2 23
73 156 75 5 23 9 2 23
74 56 331 14 23 16 0 23
75 619 312 20 23 21 2 23
76 115 124 15 23 18 2 23
77 550 195 23 23 27 2 23
78 553 336 19 23 23 2 23
79 504 172 23 23 25 1 23
80 582 415 18 23 21 2 23
81 356 310 23 25 25 1 23
82 638 149 21 23 23 2 23
83 477 336 19 23 21 1 23
84 458 336 19 23 20 0 23
85 439 336 19 23 23 2 23
86 662 30 22 23 21 0 23
87 163 519 30 23 30 0 23
88 640 30 22 23 21 0 23
89 662 53 22 23 21 0 23
90 610 336 19 23 20 0 23
91 372 136 7 29 9 2 23
92 70 308 9 23 9 0 23
93 372 107 7 29 9 0 23
94 632 614 15 12 15 0 23
95 671 572 20 3 18 -1 -3
96 256 645 7 4 11 1 23
97 219 597 16 17 18 1 17
98 315 151 15 23 18 2 23
99 646 597 15 17 16 1 17
100 315 59 15 23 18 1 23
101 675 219 16 17 18 1 17
102 70 239 10 23 9 0 23
103 315 82 15 23 18 1 17
104 398 30 14 23 18 2 23
105 312 141 3 23 7 2 23
106 372 165 7 29 7 -2 23
107 56 32 14 23 16 2 23
108 79 308 3 23 7 2 23
109 638 502 23 17 27 2 17
110 41 139 14 17 18 2 17
111 40 254 16 17 18 1 17
112 115 308 15 23 18 2 17
113 115 216 15 23 18 1 17
114 0 344 10 17 11 2 17
115 616 597 15 17 16 0 17
116 642 643 9 23 9 0 23
117 298 649 14 17 18 2 17
118 25 139 16 17 16 0 17
119 601 219 23 17 23 0 17
120 25 105 16 17 16 0 17
121 218 542 16 23 16 0 17
122 25 156 16 17 16 0 17
123 622 614 10 29 11 0 23
124 230 274 4 30 8 2 23
125 612 614 10 29 11 0 23
126 484 620 17 6 19 1 14
161 156 29 5 23 11 3 17
162 485 75 16 31 18 1 24
163 678 312 17 23 18 0 23
164 535 297 16 15 18 1 18
165 281 10 19 23 18 -1 23
166 592 38 4 30 8 2 23
167 450 84 16 30 18 1 23
168 298 643 10 3 11 0 23
169 544 273 24 23 24 0 23
170 0 55 12 12 12 0 23
171 42 175 14 14 18 2 15
172 0 46 16 9 19 1 16
173 200 646 9 3 11 1 10
174 568 273 24 23 24 0 23
175 173 615 20 3 18 -1 27
176 652 297 9 9 13 2 23
177 570 624 16 19 18 1 19
178 0 12 11 12 11 0 23
179 0 0 11 12 11 0 23
180 228 645 7 4 11 3 23
181 56 170 14 23 18 2 17
182 545 62 18 29 17 0 23
183 51 313 5 3 9 2 13
184 42 358 8 7 11 1 0
185 162 615 7 12 11 1 23
186 11 12 11 12 12 0 23
187 533 565 14 14 18 2 15
188 330 172 26 23 27 1 23
189 330 313 26 23 27 1 23
190 438 415 27 23 27 0 23
191 140 75 16 23 20 2 17
192 392 467 23 29 21 -1 29
193 208 467 23 29 21 -1 29
194 300 467 23 29 21 -1 29
195 254 467 23 29 21 -1 29
196 208 114 23 28 21 -1 28
197 258 386 23 27 21 -1 27
198 82 94 31 23 32 0 23
199 237 408 21 30 23 1 23
200 527 4 18 29 21 2 29
201 527 91 18 29 21 2 29
202 527 120 18 29 21 2 29
203 659 121 18 28 21 2 28
204 372 78 7 29 9 0 29
205 372 223 6 29 9 2 29
206 292 614 11 29 9 -1 29
207 684 2 9 28 9 0 28
208 642 195 23 23 23 -1 23
209 450 236 19 29 23 2 29
210 415 467 23 29 25 1 29
211 507 467 23 29 25 1 29
212 530 467 23 29 25 1 29
213 576 467 23 29 25 1 29
214 208 86 23 28 25 1 28
215 193 614 15 13 19 2 17
216 330 287 23 26 25 1 24
217 469 236 19 29 23 2 29
218 431 4 19 29 23 2 29
219 431 33 19 29 23 2 29
220 485 162 19 28 23 2 28
221 325 438 22 29 21 0 29
222 672 415 18 23 21 2 23
223 604 496 17 23 20 2 23
224 369 519 16 23 18 1 23
225 401 519 16 23 18 1 23
226 321 519 16 23 18 1 23
227 385 519 16 23 18 1 23
228 623 543 16 22 18 1 22
229 163 332 16 24 18 1 24
230 337 396 27 17 28 1 17
231 300 38 15 24 16 1 17
232 417 519 16 23 18 1 23
233 449 519 16 23 18 1 23
234 465 519 16 23 18 1 23
235 451 543 16 22 18 1 22
236 14 264 7 23 9 0 23
237 0 241 7 23 9 2 23
238 70 170 11 23 9 -1 23
239 130 56 9 22 9 0 22
240 497 519 16 23 18 1 23
241 56 101 14 23 18 2 23
242 529 519 16 23 18 1 23
243 545 519 16 23 18 1 23
244 561 519 16 23 18 1 23
245 577 519 16 23 18 1 23
246 499 543 16 22 18 1 22
247 626 653 16 13 18 1 18
248 265 623 16 20 20 2 19
249 56 55 14 23 18 2 23
250 97 620 14 23 18 2 23
251 111 620 14 23 18 2 23
252 403 621 14 22 18 2 22
253 674 236 16 29 16 0 23
254 315 174 15 29 18 2 23
255 548 385 16 28 16 0 22
256 208 198 23 28 21 -1 28
257 531 543 16 22 18 1 22
258 553 467 23 29 21 -1 29
259 337 519 16 23 18 1 23
260 82 511 26 29 21 -1 23
261 667 336 19 23 18 1 17
262 258 216 21 29 23 1 29
263 115 262 15 23 16 1 23
264 258 245 21 29 23 1 29
265 115 285 15 23 16 1 23
266 330 70 21 28 23 1 28
267 422 570 15 22 16 1 22
268 258 187 21 29 23 1 29
269 300 15 15 23 16 1 23
270 330 41 20 29 23 2 29
271 485 0 19 23 20 1 23
272 619 172 23 23 23 -1 23
273 163 403 17 23 18 1 23
274 677 121 18 28 21 2 28
275 563 543 16 22 18 1 22
276 563 120 18 29 21 2 29
277 641 519 16 23 18 1 23
278 596 24 18 28 21 2 28
279 515 543 16 22 18 1 22
280 545 33 18 29 21 2 23
281 609 519 16 23 18 1 17
282 581 120 18 29 21 2 29
283 593 519 16 23 18 1 23
284 237 438 22 29 25 1 29
285 315 261 15 29 18 1 23
286 259 438 22 29 25 1 29
287 315 203 15 29 18 1 23
288 258 302 22 28 25 1 28
289 300 315 15 28 18 1 22
290 208 304 22 30 25 1 23
291 451 383 15 30 18 1 24
292 412 33 19 29 23 2 29
293 186 143 14 29 18 2 29
294 573 195 23 23 23 0 23
295 513 519 16 23 18 0 23
296 281 614 11 29 9 -1 29
297 70 32 11 23 9 -1 23
298 431 615 11 28 9 -1 28
299 70 194 11 22 9 -1 22
300 325 614 11 29 9 -1 29
301 70 101 11 23 9 -1 23
302 200 114 8 29 9 2 23
303 200 143 8 29 7 1 23
304 252 108 5 28 9 2 28
305 159 104 3 17 9 3 17
306 539 312 20 23 24 2 23
307 336 614 11 29 14 2 23
308 545 4 18 29 16 0 29
309 314 614 11 29 7 -2 23
310 300 383 20 30 21 2 23
311 398 226 14 30 16 2 23
312 340 649 14 17 16 2 17
313 315 232 15 29 18 2 29
314 372 194 6 29 7 1 29
315 418 383 15 30 18 2 23
316 105 33 8 30 7 -1 23
317 315 105 15 23 18 2 23
318 130 262 8 23 9 2 23
319 115 101 15 23 18 2 23
320 678 643 9 23 11 2 23
321 661 496 17 23 18 0 23
322 7 264 7 23 7 0 23
323 431 91 19 29 23 2 29
324 56 193 14 23 18 2 23
325 379 252 19 30 23 2 23
326 398 150 14 24 18 2 17
327 431 120 19 29 23 2 29
328 56 147 14 23 18 2 23
329 281 148 19 23 19 -1 23
330 579 312 20 23 23 2 23
331 56 78 14 23 18 2 17
332 208 142 23 28 25 1 28
333 115 425 16 22 18 1 22
334 628 467 23 29 25 1 29
335 353 519 16 23 18 1 23
336 651 467 23 29 25 1 29
337 305 519 16 23 18 1 23
338 599 473 29 23 32 2 23
339 666 81 29 17 30 1 17
340 258 129 21 29 23 2 29
341 70 262 10 23 11 2 23
342 237 378 21 30 23 2 23
343 129 332 10 24 11 2 17
344 258 158 21 29 23 2 29
345 25 229 12 23 11 0 23
346 412 91 19 29 21 1 29
347 115 55 15 23 16 0 23
348 412 149 19 29 21 1 29
349 115 78 15 23 16 0 23
350 379 282 19 30 21 1 23
351 300 62 15 24 16 0 17
352 412 178 19 29 21 1 29
353 115 193 15 23 16 0 23
354 281 381 19 32 20 0 23
355 33 362 9 32 9 0 23
356 592 267 19 29 20 0 29
357 25 206 12 23 12 0 23
358 281 79 19 23 20 0 23
359 651 643 9 23 9 0 23
360 649 267 19 29 23 2 29
361 56 377 14 23 18 2 23
362 485 134 19 28 23 2 28
363 456 621 14 22 18 2 22
364 668 267 19 29 23 2 29
365 56 354 14 23 18 2 23
366 412 236 19 29 23 2 29
367 398 174 14 24 18 2 24
368 412 207 19 29 23 2 29
369 56 285 14 23 18 2 23
370 412 120 19 29 23 2 23
371 618 415 18 23 18 2 17
372 25 422 30 29 30 0 29
373 504 34 23 23 23 0 23
374 208 29 22 29 21 0 29
375 379 0 16 29 16 0 23
376 258 274 22 28 21 0 28
377 412 62 19 29 20 0 29
378 140 52 16 23 16 0 23
379 485 190 19 28 20 0 28
380 115 381 16 22 16 0 22
381 630 267 19 29 20 0 29
382 140 29 16 23 16 0 23
383 130 285 8 23 7 2 23
399 596 52 22 23 24 1 23
402 467 129 17 29 18 0 23
416 330 149 26 23 27 1 23
417 614 575 19 17 21 1 17
431 379 312 25 23 27 2 23
432 633 575 19 17 21 2 17
461 323 467 23 29 21 -1 29
462 170 542 16 23 18 1 23
463 303 614 11 29 9 -1 29
464 70 78 11 23 7 -2 23
465 484 467 23 29 25 1 29
466 140 121 16 23 18 1 23
467 412 4 19 29 23 2 29
468 56 262 14 23 18 2 23
469 431 236 19 29 23 2 29
470 300 254 14 28 18 2 28
471 431 207 19 29 23 2 29
472 186 172 14 29 18 2 29
473 431 178 19 29 23 2 29
474 186 201 14 29 18 2 29
475 431 149 19 29 23 2 29
476 186 230 14 29 18 2 29
506 82 148 23 31 21 -1 31
507 356 281 16 29 18 1 29
508 25 547 31 29 32 0 29
509 465 415 27 23 28 1 23
510 82 117 23 31 25 1 29
511 163 356 16 24 20 2 23
601 331 597 16 17 18 1 17
710 593 643 11 4 11 0 23
711 604 643 11 4 11 0 23
713 571 644 11 3 11 0 22
728 10 344 10 4 11 0 23
729 441 643 5 3 11 3 22
730 7 185 7 5 11 2 23
731 459 643 8 6 11 2 0
732 582 643 11 4 11 0 23
733 446 645 12 4 11 0 23
768 249 645 7 4 0 -9 29
769 309 188 6 4 0 -6 29
771 70 538 12 3 0 -15 28
777 433 643 8 6 0 -8 30
803 161 645 4 3 0 -13 -2
894 131 381 5 22 9 2 17
900 12 207 7 4 11 3 23
901 9 101 13 4 11 -1 23
902 504 126 23 23 21 -1 23
903 354 550 5 3 9 2 17
904 330 264 26 23 25 -2 23
905 330 241 26 23 27 -2 23
906 70 124 11 23 12 -2 23
908 330 218 26 23 25 -2 23
910 208 444 29 23 27 -2 23
911 404 312 25 23 24 -2 23
912 362 619 13 24 7 -3 24
913 504 80 23 23 21 -1 23
914 186 259 18 23 21 2 23
915 315 13 15 23 18 2 23
916 527 149 23 23 21 -1 23
917 535 444 18 23 21 2 23
918 420 336 19 23 20 0 23
919 401 336 19 23 23 2 23
920 550 172 23 23 25 1 23
921 50 206 5 23 9 2 23
922 639 312 20 23 21 2 23
923 640 7 22 23 21 0 23
924 665 172 23 23 27 2 23
925 515 336 19 23 23 2 23
926 534 336 19 23 21 1 23
927 573 172 23 23 25 1 23
928 572 336 19 23 23 2 23
929 636 415 18 23 21 2 23
931 621 496 17 23 20 2 23
932 591 336 19 23 20 0 23
933 618 7 22 23 21 0 23
934 496 273 24 23 26 1 23
935 618 30 22 23 21 0 23
936 472 273 24 23 27 1 23
937 618 53 22 23 24 1 23
938 176 136 9 28 9 0 28
939 258 358 22 28 21 0 28
940 587 496 17 23 19 1 23
941 586 620 13 23 14 1 23
942 186 114 14 29 18 2 23
943 0 264 7 23 7 1 23
944 398 7 14 23 18 2 23
945 641 219 17 17 19 1 17
946 315 290 15 29 18 2 23
947 140 489 16 23 16 0 17
948 140 466 16 23 18 1 23
949 472 649 13 17 14 1 17
950 163 164 13 29 14 1 23
951 56 561 14 23 18 2 17
952 140 420 16 23 18 1 23
953 21 168 3 17 7 2 17
954 284 649 14 17 16 2 17
955 140 397 16 23 16 0 23
956 56 538 14 23 18 2 17
957 379 597 16 17 16 0 17
958 163 106 13 29 14 1 23
959 363 597 16 17 18 1 17
960 283 525 22 17 22 0 17
961 140 190 16 23 18 2 17
962 115 9 15 23 15 1 17
963 163 0 19 17 20 1 17
964 70 429 12 17 13 0 17
965 242 649 14 17 18 2 17
966 381 389 19 24 21 1 18
967 163 443 17 23 17 0 17
968 499 312 20 23 23 1 17
969 163 426 23 17 25 1 17
970 511 644 10 22 7 -1 22
971 442 621 14 22 18 2 22
972 140 167 16 23 18 1 23
973 125 620 14 23 18 2 23
974 527 172 23 23 25 1 23
1025 576 8 18 28 21 2 28
1026 519 415 27 23 28 0 23
1027 356 136 16 29 17 2 29
1028 575 149 21 23 23 1 23
1029 496 336 19 23 21 1 23
1030 49 229 5 23 9 2 23
1031 176 165 9 28 9 0 28
1032 139 620 14 23 16 0 23
1033 82 569 33 23 34 0 23
1034 186 496 30 23 32 2 23
1035 330 195 26 23 27 0 23
1036 467 71 17 29 19 2 29
1038 258 13 21 29 20 0 29
1039 431 62 19 29 23 2 23
1040 527 195 23 23 21 -1 23
1041 553 444 18 23 21 2 23
1042 571 444 18 23 21 2 23
1043 140 144 16 23 17 2 23
1044 330 98 21 28 22 0 23
1045 589 444 18 23 21 2 23
1046 216 496 30 23 30 0 23
1047 607 444 18 23 19 1 23
1048 281 332 19 23 23 2 23
1049 611 267 19 29 23 2 29
1050 163 466 17 23 19 2 23
1051 281 309 19 23 21 0 23
1052 665 195 23 23 27 2 23
1053 281 286 19 23 23 2 23
1054 504 149 23 23 25 1 23
1055 281 263 19 23 23 2 23
1056 625 444 18 23 21 2 23
1057 659 149 21 23 23 1 23
1058 281 240 19 23 20 0 23
1059 588 242 21 23 20 0 23
1060 504 57 23 23 24 1 23
1061 596 75 22 23 21 0 23
1062 258 71 21 29 24 2 23
1063 661 444 18 23 21 1 23
1064 429 312 25 23 29 2 23
1065 56 614 27 29 30 2 23
1066 454 312 25 23 25 0 23
1067 448 273 24 23 28 2 23
1068 564 415 18 23 21 2 23
1069 609 242 21 23 23 1 23
1070 208 421 29 23 32 2 23
1071 596 149 21 23 23 0 23
1072 299 597 16 17 18 1 17
1073 163 380 17 23 18 1 23
1074 214 649 14 17 17 2 17
1075 0 371 10 17 12 2 17
1076 404 497 18 22 19 0 17
1077 315 597 16 17 18 1 17
1078 439 502 23 17 21 -1 17
1079 41 156 14 17 15 0 17
1080 200 649 14 17 18 2 17
1081 83 620 14 23 18 2 23
1082 433 649 13 17 14 2 17
1083 658 219 17 17 19 0 17
1084 484 626 18 17 22 2 17
1085 228 649 14 17 18 2 17
1086 347 597 16 17 18 1 17
1087 354 649 14 17 17 2 17
1088 115 147 15 23 18 2 17
1089 41 3 15 17 16 1 17
1090 541 597 15 17 15 0 17
1091 140 236 16 23 16 0 17
1092 82 291 25 29 26 1 23
1093 25 71 16 17 16 0 17
1094 140 305 16 23 18 2 17
1095 312 649 14 17 17 1 17
1096 210 525 22 17 26 2 17
1097 520 273 24 23 26 2 17
1098 576 575 19 17 20 0 17
1099 652 575 19 17 23 2 17
1100 41 189 14 17 17 2 17
1101 25 340 16 18 16 0 17
1102 430 548 21 17 24 2 17
1103 25 189 16 17 17 0 17
1105 661 543 16 22 18 1 22
1106 658 236 16 29 18 0 23
1107 70 216 10 23 12 2 23
1108 395 596 15 18 16 1 17
1109 676 597 15 17 16 0 17
1110 234 281 3 23 7 2 23
1111 130 33 9 22 9 0 22
1112 156 0 7 29 7 -2 23
1113 630 248 28 17 29 0 17
1114 462 502 23 17 26 2 17
1115 202 542 16 23 18 0 23
1116 599 620 13 23 14 2 23
1118 379 29 16 29 16 0 23
1119 56 124 14 23 18 2 17
1168 163 135 13 29 16 2 29
1169 70 147 11 23 13 2 23
1170 281 33 19 23 17 -1 23
1171 70 360 12 17 12 0 17
1174 25 576 30 30 30 0 24
1175 618 76 23 22 21 -1 17
1178 467 100 17 29 19 2 23
1179 410 592 12 22 14 2 17
1180 536 496 17 23 19 2 23
1181 485 649 13 17 14 2 17
1186 258 42 21 29 23 2 23
1187 467 543 16 22 18 2 17
1198 281 102 19 23 18 -1 23
1199 140 328 16 23 16 0 17
1200 281 125 19 23 18 -1 23
1201 140 98 16 23 16 0 17
1202 281 438 22 29 21 0 23
1203 483 543 16 22 16 0 17
1208 674 473 18 23 21 1 23
1209 326 649 14 17 17 1 17
1210 186 282 18 23 21 2 23
1211 270 649 14 17 17 2 17
1240 662 7 22 23 24 1 23
1241 25 122 16 17 18 1 17
1256 619 195 23 23 25 1 23
1257 25 88 16 17 18 1 17
1456 294 644 3 5 11 4 -1
1457 43 325 11 5 11 0 -1
1458 9 287 10 5 11 0 -1
1459 498 644 10 5 11 0 -1
1460 161 643 3 2 11 4 -4
1461 441 592 8 2 11 1 -4
1462 462 616 8 5 11 1 -1
1463 228 643 7 2 11 2 -3
1464 360 644 7 5 11 2 -1
1465 168 644 3 2 11 4 20
1467 70 561 11 5 11 0 -1
1468 165 644 3 2 11 4 10
1469 51 308 3 5 11 4 -1
1470 284 646 10 3 12 1 17
1471 242 643 7 2 11 2 21
1472 156 101 3 20 9 3 20
1473 168 646 3 2 11 12 21
1474 165 646 3 2 11 -4 21
1475 19 288 5 17 9 2 17
1488 666 626 17 17 18 1 17
1489 649 626 17 17 17 0 17
1490 70 337 12 17 13 0 17
1491 235 597 16 17 16 0 17
1492 41 20 15 17 19 2 17
1493 135 430 4 17 8 2 17
1494 683 626 11 17 12 1 17
1495 496 597 15 17 19 2 17
1496 661 597 15 17 19 2 17
1497 169 618 4 9 8 2 17
1498 115 32 15 23 16 0 17
1499 459 649 13 17 15 1 17
1500 398 53 14 23 15 0 23
1501 601 597 15 17 19 2 17
1502 283 597 16 17 19 1 17
1503 21 264 4 23 8 2 17
1504 9 134 9 17 11 0 17
1505 267 597 16 17 18 1 17
1506 25 252 15 19 17 0 17
1507 115 170 15 23 18 1 17
1508 251 597 16 17 17 1 17
1509 398 99 14 23 15 0 17
1510 41 54 14 17 15 0 17
1511 56 308 14 23 18 2 17
1512 41 37 15 17 16 0 17
1513 235 575 20 17 22 1 17
1514 671 575 19 17 21 0 17
1520 70 406 12 17 16 2 17
1521 70 383 12 17 16 2 17
1522 570 615 12 9 16 2 17
1523 354 643 6 6 8 1 17
1524 484 614 11 6 13 1 17
1548 669 296 6 10 10 2 14
1563 675 296 6 16 10 2 20
1567 130 105 10 19 11 1 23
1569 0 24 11 13 13 1 15
1570 0 185 7 22 7 0 26
1571 179 332 5 24 7 1 28
1572 56 492 14 23 14 1 20
1573 6 207 6 26 7 0 23
1574 163 293 20 19 20 0 18
1575 131 428 4 19 7 2 23
1576 579 549 22 16 23 2 15
1577 0 287 9 18 9 0 23
1578 437 577 22 15 23 2 20
1579 643 364 22 19 23 2 24
1580 292 572 17 20 18 0 14
1581 309 572 17 20 18 0 14
1582 364 386 17 27 18 0 21
1583 9 292 10 13 11 2 18
1584 70 472 10 20 11 2 25
1585 526 597 15 17 16 2 14
1586 300 164 15 24 16 2 21
1587 385 451 26 16 26 2 14
1588 82 5 26 27 26 2 25
1589 398 296 35 16 35 2 14
1590 82 592 35 22 35 2 20
1591 186 74 20 20 19 0 25
1592 266 499 20 20 19 0 25
1593 676 387 17 26 17 0 20
1594 379 189 17 33 17 0 27
1600 200 643 8 3 7 0 8
1601 549 219 26 17 25 1 22
1602 466 388 18 25 19 2 23
1603 562 362 20 21 19 1 26
1604 427 441 16 26 16 2 26
1605 593 647 11 19 11 1 13
1606 406 571 16 21 17 2 19
1607 685 615 9 11 9 0 16
1608 256 649 14 17 14 1 14
1609 193 627 20 16 20 0 15
1610 237 87 20 21 20 0 15
1611 16 185 6 5 6 1 24
1612 495 614 7 6 8 1 25
1613 270 644 6 5 6 1 1
1614 70 286 6 3 6 1 22
1615 456 614 6 7 7 1 26
1616 76 286 6 3 6 1 2
1617 276 644 6 5 7 1 24
1618 135 426 5 4 5 1 23
1632 18 152 7 7 17 5 14
1633 17 83 7 18 17 4 23
1634 582 647 11 19 17 2 24
1635 161 648 14 18 17 2 23
1636 9 305 9 18 17 4 23
1637 9 105 12 12 17 2 20
1638 70 289 12 19 17 2 24
1639 420 648 13 18 17 2 23
1640 147 648 14 18 17 2 23
1641 70 566 11 18 17 3 23
1642 25 286 13 22 17 2 25
1643 20 234 5 7 10 3 8
1645 11 1 12 11 17 2 23
1649 249 623 16 20 24 4 20
1662 356 57 22 21 23 2 15
1670 275 572 17 20 18 0 14
1688 237 108 15 28 16 2 25
1700 213 623 16 20 24 4 20
1705 619 102 27 18 26 1 23
1711 384 415 27 23 26 1 28
1740 173 627 20 16 20 0 15
1749 441 594 9 11 9 0 16
1776 18 67 7 7 17 5 14
1777 18 305 7 18 17 4 23
1778 571 647 11 19 17 2 24
1779 119 648 14 18 17 2 23
1780 407 648 13 18 17 2 23
1781 368 648 13 18 17 2 23
1782 684 35 11 18 17 3 23
1783 381 648 13 18 17 2 23
1784 105 648 14 18 17 2 23
1785 684 58 11 18 17 3 23
7808 25 480 30 29 30 0 29
7809 504 11 23 23 23 0 23
7810 25 451 30 29 30 0 29
7811 504 103 23 23 23 0 23
7812 25 394 30 28 30 0 28
7813 596 98 23 22 23 0 22
7840 208 170 23 28 21 -1 23
7841 547 543 16 22 18 1 17
7842 115 507 23 30 21 -1 30
7843 459 441 16 26 18 1 26
7844 208 334 23 29 21 -1 29
7845 450 26 16 29 18 1 29
7846 208 392 23 29 21 -1 29
7847 379 58 16 29 18 1 29
7848 140 512 23 30 21 -1 30
7849 467 14 16 30 18 1 30
7850 346 467 23 29 21 -1 29
7851 580 385 16 28 18 1 28
7852 82 32 23 31 21 -1 26
7853 532 385 16 28 18 1 23
7854 277 467 23 29 21 -1 29
7855 379 87 16 29 18 1 29
7856 231 467 23 29 21 -1 29
7857 356 252 16 29 18 1 29
7858 115 447 23 30 21 -1 30
7859 450 144 16 30 18 1 30
7860 461 467 23 29 21 -1 29
7861 660 385 16 28 18 1 28
7862 82 202 23 31 21 -1 26
7863 628 385 16 28 18 1 23
7864 641 121 18 28 21 2 23
7865 677 543 16 22 18 1 17
7866 467 158 18 30 21 2 30
7867 443 441 16 26 18 1 26
7868 527 62 18 29 21 2 29
7869 140 6 16 23 18 1 23
7870 527 33 18 29 21 2 29
7871 450 55 16 29 18 1 29
7872 545 91 18 29 21 2 29
7873 356 78 16 29 18 1 29
7874 467 188 18 30 21 2 30
7875 450 174 16 30 18 1 30
7876 545 120 18 29 21 2 29
7877 612 385 16 28 18 1 28
7878 430 265 18 31 21 2 26
7879 596 385 16 28 18 1 23
7880 105 64 8 30 9 1 30
7881 200 204 8 26 7 0 26
7882 252 38 5 28 9 2 23
7883 51 366 5 28 7 1 23
7884 208 58 23 28 25 1 23
7885 115 403 16 22 18 1 17
7886 163 489 23 30 25 1 30
7887 369 441 16 26 18 1 26
7888 438 467 23 29 25 1 29
7889 356 165 16 29 18 1 29
7890 369 467 23 29 25 1 29
7891 356 107 16 29 18 1 29
7892 115 477 23 30 25 1 30
7893 450 114 16 30 18 1 30
7894 208 363 23 29 25 1 29
7895 484 385 16 28 18 1 28
7896 82 63 23 31 25 1 26
7897 500 385 16 28 18 1 23
7898 82 540 26 29 27 1 29
7899 281 171 19 23 21 1 23
7900 82 482 26 29 27 1 29
7901 281 194 19 23 21 1 23
7902 56 584 26 30 27 1 30
7903 485 23 19 26 21 1 26
7904 82 453 26 29 27 1 29
7905 281 56 19 23 21 1 23
7906 82 349 26 28 27 1 23
7907 602 361 19 22 21 1 17
7908 485 106 19 28 23 2 23
7909 470 621 14 22 18 2 17
7910 379 222 19 30 23 2 30
7911 300 228 14 26 18 2 26
7912 82 320 25 29 27 2 29
7913 403 360 19 23 21 2 23
7914 82 233 25 29 27 2 29
7915 281 217 19 23 21 2 23
7916 82 423 25 30 27 2 30
7917 485 49 19 26 21 2 26
7918 82 262 25 29 27 2 29
7919 365 360 19 23 21 2 23
7920 115 537 25 28 27 2 23
7921 659 313 19 22 21 2 17
7922 208 0 22 29 21 0 29
7923 356 223 16 29 16 0 23
7924 258 330 22 28 21 0 23
7925 481 519 16 23 16 0 17
7926 208 274 22 30 21 0 30
7927 576 36 16 32 16 0 26
7928 347 438 22 29 21 0 29
7929 356 194 16 29 16 0 23
8204 113 70 2 24 0 -1 20
8205 200 175 8 26 0 -4 22
8206 200 233 8 26 0 -1 22
8207 105 122 8 26 0 -7 22
8211 671 569 19 3 18 -1 10
8212 643 309 32 3 32 0 10
8213 643 306 30 3 32 1 10
8215 0 233 20 8 18 -1 -2
8216 20 345 4 8 7 2 23
8217 20 353 4 8 7 1 23
8218 21 109 4 8 7 1 3
8219 52 278 4 8 7 2 23
8220 538 616 9 8 11 1 23
8221 554 616 9 8 11 1 23
8222 681 296 9 8 11 1 3
8224 564 385 16 28 18 1 23
8225 516 385 16 28 18 1 23
8226 681 304 9 8 11 1 15
8230 329 546 26 3 32 3 3
8234 130 308 8 23 0 -1 19
8235 687 643 8 23 0 -7 19
8236 107 265 8 26 0 -4 22
8237 107 428 8 25 0 -4 21
8238 107 324 8 25 0 -4 21
8240 82 400 32 23 32 0 23
8242 51 316 5 8 6 2 23
8243 16 47 9 8 11 2 23
8249 43 310 8 14 11 1 15
8250 44 272 8 14 11 1 15
8252 37 229 12 23 16 2 23
8254 394 645 13 3 11 -1 22
8260 620 125 21 24 5 -8 23
8298 178 81 8 25 0 -4 21
8299 178 56 8 25 0 -4 21
8300 107 294 8 26 0 -4 22
8301 107 236 8 26 0 -4 22
8302 105 153 8 26 0 -4 22
8303 129 356 8 25 0 -4 21
8319 12 55 10 12 12 1 20
8355 570 496 17 23 18 0 23
8356 678 496 17 23 18 0 23
8359 56 643 35 23 35 0 23
8362 163 17 22 17 26 2 17
8363 394 648 13 18 16 2 23
8364 629 336 19 23 18 -1 23
8453 358 414 26 24 28 1 23
8467 70 55 11 23 10 0 23
8470 82 179 31 23 34 2 23
8482 533 579 25 13 32 3 23
8486 504 195 23 23 25 1 23
8494 632 626 17 17 19 1 17
8531 330 336 26 23 27 1 23
8532 411 415 27 23 27 0 23
8539 315 359 25 24 27 1 24
8540 208 250 27 24 27 0 24
8541 208 226 27 24 27 0 24
8542 340 359 25 24 27 1 24
8592 329 553 30 12 32 1 14
8593 398 122 12 28 16 2 21
8594 299 553 30 12 32 1 14
8595 398 198 12 28 16 2 21
8596 269 553 30 12 32 1 14
8597 300 134 12 30 16 2 23
8616 300 282 12 33 16 2 23
8706 140 443 16 23 16 0 23
8710 599 312 20 23 20 0 23
8719 303 438 22 29 26 2 23
8721 258 100 21 29 23 1 23
8722 671 566 16 3 19 1 13
8725 599 125 21 24 5 -8 23
8729 441 646 5 3 9 2 13
8730 450 204 17 32 18 1 30
8734 666 616 19 10 23 2 17
8735 500 363 21 20 31 5 20
8745 384 360 19 23 23 2 23
8747 70 0 9 32 9 0 28
8776 649 615 17 11 18 0 17
8800 234 542 16 23 18 1 23
8801 25 20 16 17 19 1 20
8804 538 624 16 19 18 1 21
8805 554 624 16 19 18 1 21
8962 38 289 15 19 19 2 19
8976 0 37 16 9 19 1 16
8992 563 3 8 37 19 8 28
8993 48 510 7 37 19 4 28
9472 329 549 25 4 23 -1 12
9474 203 345 3 40 20 7 30
9484 503 570 15 22 23 9 12
9488 375 621 14 22 23 -1 12
9492 518 570 15 22 23 9 30
9496 389 621 14 22 23 -1 30
9500 315 319 15 40 23 9 30
9508 379 116 14 40 23 -1 30
9516 563 243 25 22 23 -1 12
9524 538 243 25 22 23 -1 30
9532 0 466 25 40 23 -1 30
9552 175 656 25 10 23 -1 15
9553 300 188 9 40 23 7 30
9554 163 56 15 25 23 9 15
9555 193 520 17 22 23 7 12
9556 237 274 17 25 23 7 15
9557 115 356 14 25 23 -1 15
9558 266 520 17 22 23 -1 12
9559 237 224 17 25 23 -1 15
9560 163 81 15 25 23 9 30
9561 249 520 17 22 23 7 30
9562 237 299 17 25 23 7 30
9563 115 331 14 25 23 -1 30
9564 232 520 17 22 23 -1 30
9565 237 199 17 25 23 -1 30
9566 300 343 15 40 23 9 30
9567 186 345 17 40 23 7 30
9568 186 385 17 40 23 7 30
9569 398 256 14 40 23 -1 30
9570 186 305 17 40 23 -1 30
9571 186 425 17 40 23 -1 30
9572 308 413 25 25 23 -1 15
9573 513 243 25 22 23 -1 12
9574 283 413 25 25 23 -1 15
9575 258 413 25 25 23 -1 30
9576 488 243 25 22 23 -1 30
9577 333 413 25 25 23 -1 30
9578 0 626 25 40 23 -1 30
9579 0 586 25 40 23 -1 30
9580 0 546 25 40 23 -1 30
9600 550 151 25 21 23 -1 30
9604 641 78 25 20 23 -1 10
9608 0 506 25 40 23 -1 30
9612 563 80 13 40 23 -1 30
9616 563 40 13 40 23 11 30
9617 25 509 23 38 23 1 30
9618 0 388 25 38 23 -1 30
9619 0 426 25 40 23 -1 30
9632 356 0 16 15 19 2 15
9633 567 297 16 15 19 2 15
9642 17 245 8 9 11 2 15
9643 16 37 8 9 11 2 15
9644 583 305 32 7 32 0 11
9650 596 172 23 23 32 4 23
9658 330 17 24 24 32 4 23
9660 642 172 23 23 32 4 22
9668 356 335 24 24 32 4 23
9674 433 519 16 23 16 0 23
9675 536 652 15 14 19 2 16
9679 521 652 15 14 19 2 16
9688 480 598 16 16 19 2 16
9689 250 546 19 19 19 0 19
9702 643 297 9 9 11 1 15
9786 673 99 21 21 33 6 19
9787 380 338 21 21 34 6 19
9788 25 606 30 30 29 0 26
9792 412 265 18 31 24 3 24
9794 186 465 22 31 24 1 26
9824 184 572 17 20 17 0 20
9827 521 363 21 20 21 0 20
9829 366 498 19 21 19 0 20
9830 347 622 15 21 16 1 20
9834 625 519 16 23 16 0 22
9835 576 94 20 26 24 1 24
59393 8 323 8 21 8 -2 21
59394 680 149 15 23 16 0 17
59395 315 36 15 23 16 0 17
59396 502 496 17 23 15 -3 23
59397 422 496 17 23 15 -3 23
59416 18 159 6 9 7 1 28
59450 329 543 22 3 20 0 8
61441 56 400 14 23 16 0 23
61442 56 9 14 23 16 0 23
61444 209 643 4 6 11 3 -2
61445 485 643 8 6 11 1 -1
61446 256 643 6 2 0 -7 29
61447 8 83 6 2 0 -13 29
61448 242 645 7 4 0 -6 23
61449 263 645 7 4 0 -11 29
61450 206 349 2 36 0 -1 29
61451 25 358 8 36 0 -4 29
61452 309 192 5 36 0 -1 29
61453 393 120 5 36 0 -4 29
61454 571 4 5 36 0 -1 29
61455 235 645 7 4 0 -14 23
61456 214 645 7 4 0 -8 30
61457 221 645 7 4 0 -15 30
61458 470 614 8 7 0 -7 26
61459 472 643 8 6 0 -12 30
61460 17 364 8 7 0 -12 26
61461 368 643 12 2 0 -17 29
61462 326 646 11 3 0 -17 29
61463 70 469 12 3 0 -21 29
61464 381 645 12 3 0 -22 29
61465 368 645 12 3 0 -15 23
61466 340 643 12 3 0 -18 23
61467 340 646 12 3 0 -19 23
61468 312 646 11 3 0 -10 29
61469 326 643 11 3 0 -9 23
61470 52 275 4 3 0 -13 -2
61471 493 643 5 3 0 -15 -2
61472 52 272 4 3 0 -17 -2
61473 21 106 4 3 0 -13 -2
61474 169 615 4 3 0 -18 -2
61475 159 101 4 3 0 -11 -2
61476 690 569 4 3 0 -11 -2
61477 690 566 4 3 0 -11 -2
61478 480 646 4 3 0 -14 -2
61479 480 643 4 3 0 -12 -2
61480 131 425 4 3 0 -16 -2
61481 493 646 5 3 0 -7 -2
61482 467 643 5 3 0 -6 -2
61483 308 643 4 3 0 -13 -2
61484 159 98 4 3 0 -4 -2
61485 381 643 11 2 0 -16 29
61486 298 646 11 3 0 -16 29
61487 394 643 11 2 0 -18 29
61488 312 643 11 3 0 -18 29
61489 18 168 3 17 7 2 17
64257 56 423 14 23 16 0 23
64258 56 239 14 23 16 0 23
64288 203 597 16 17 17 0 17
64298 582 362 20 21 22 1 21
64299 480 362 20 21 22 1 21
64300 542 362 20 21 22 1 21
64301 237 136 20 21 22 1 21
64302 163 34 17 22 18 1 17
64303 237 249 17 25 18 1 17
64304 330 0 17 17 18 1 17
64305 624 219 17 17 17 0 17
64306 70 452 12 17 13 0 17
64307 187 597 16 17 16 0 17
64308 571 597 15 17 19 2 17
64309 18 117 7 17 9 0 17
64310 446 649 13 17 13 0 17
64312 556 597 15 17 19 2 17
64313 563 615 7 9 9 0 17
64314 315 128 15 23 16 0 17
64315 498 649 13 17 15 1 17
64316 56 515 14 23 15 0 23
64318 25 3 16 17 19 1 17
64320 16 190 9 17 11 0 17
64321 25 37 16 17 18 1 17
64323 115 239 15 23 18 1 17
64324 25 54 16 17 17 1 17
64326 41 88 14 17 15 0 17
64327 56 216 14 23 18 2 17
64328 586 597 15 17 16 0 17
64329 255 575 20 17 22 1 17
64330 595 575 19 17 21 0 17
64331 136 382 4 21 8 2 21
64332 413 544 17 21 17 0 21
64333 37 208 13 21 15 1 21
64334 342 571 16 21 17 1 21
64335 654 415 18 23 18 0 23
64342 356 36 22 21 23 2 15
64343 356 15 22 21 23 2 15
64344 551 645 10 21 8 -1 15
64345 561 645 10 21 8 -1 15
64378 201 572 17 20 18 0 14
64379 359 545 18 20 17 0 14
64380 163 193 18 21 17 0 15
64381 163 214 18 21 17 0 15
64394 237 38 15 28 16 2 25
64395 237 10 15 28 16 2 25
64398 646 102 27 18 26 1 23
64399 467 218 30 18 30 1 23
64400 133 648 14 18 13 0 23
64401 558 574 18 18 16 0 23
64402 492 415 27 23 26 1 28
64403 140 542 30 23 30 1 28
64404 398 76 14 23 13 0 28
64405 600 415 18 23 16 0 28
64508 153 627 20 16 20 0 15
64509 422 592 19 13 19 1 9
64510 0 168 9 17 8 0 15
64511 9 151 9 17 8 0 15
64606 661 296 8 10 7 0 29
64607 19 371 6 8 7 1 27
64608 478 614 6 7 7 1 26
64609 18 74 6 9 7 1 28
64610 50 358 6 7 7 1 26
64830 687 265 8 31 10 1 25
64831 130 1 8 31 10 1 25
65010 186 94 20 20 20 0 25
65152 11 24 11 13 13 1 15
65153 12 211 7 22 7 0 26
65154 130 195 9 21 7 0 26
65155 19 209 5 24 7 1 28
65156 130 239 8 23 7 1 28
65157 56 469 14 23 14 1 20
65158 56 446 14 23 14 1 20
65159 0 207 6 26 7 0 23
65160 105 207 8 26 7 1 23
65161 163 254 20 19 20 0 18
65162 385 498 19 21 19 1 17
65163 9 168 9 17 8 0 22
65164 0 151 9 17 8 0 22
65165 136 406 4 19 7 2 23
65166 0 83 8 18 7 1 23
65167 601 549 22 16 23 2 15
65168 639 549 22 16 23 2 15
65169 8 85 9 16 8 0 15
65170 0 67 9 16 8 0 15
65171 0 305 9 18 9 0 23
65172 417 621 14 22 12 0 27
65173 459 577 22 15 23 2 20
65174 481 577 22 15 23 2 20
65175 0 134 9 17 8 0 22
65176 7 190 9 17 8 0 22
65177 665 364 22 19 23 2 24
65178 621 364 22 19 23 2 24
65179 130 218 9 21 8 0 26
65180 130 172 9 21 8 0 26
65181 218 572 17 20 18 0 14
65182 377 545 18 20 17 0 14
65183 25 324 18 16 17 0 15
65184 25 308 18 16 17 0 15
65185 167 572 17 20 18 0 14
65186 395 545 18 20 17 0 14
65187 520 616 18 10 17 0 15
65188 502 616 18 10 17 0 15
65189 320 386 17 27 18 0 21
65190 467 44 18 27 17 0 21
65191 520 626 18 17 17 0 22
65192 502 626 18 17 17 0 22
65193 10 348 10 13 11 2 18
65194 7 241 10 13 11 2 18
65195 70 541 10 20 11 2 25
65196 70 518 10 20 11 2 25
65197 511 597 15 17 16 2 14
65198 631 597 15 17 16 2 14
65199 300 86 15 24 16 2 21
65200 300 110 15 24 16 2 21
65201 491 451 26 16 26 2 14
65202 575 220 26 16 26 2 14
65203 583 296 19 9 17 0 14
65204 173 618 19 9 17 0 14
65205 141 565 26 27 26 2 25
65206 115 565 26 27 26 2 25
65207 163 312 19 20 17 0 25
65208 163 273 19 20 17 0 25
65209 468 296 35 16 35 2 14
65210 433 296 35 16 35 2 14
65211 451 605 29 9 27 0 14
65212 422 605 29 9 27 0 14
65213 152 592 35 22 35 2 20
65214 117 592 35 22 35 2 20
65215 451 368 29 15 27 0 20
65216 422 368 29 15 27 0 20
65217 346 499 20 20 19 0 25
65218 326 499 20 20 19 0 25
65219 306 499 20 20 19 0 25
65220 286 499 20 20 19 0 25
65221 246 499 20 20 19 0 25
65222 186 14 20 20 19 0 25
65223 186 34 20 20 19 0 25
65224 186 54 20 20 19 0 25
65225 281 355 17 26 17 0 20
65226 326 571 16 21 14 0 15
65227 0 361 17 10 17 0 15
65228 10 379 14 9 13 0 14
65229 379 156 17 33 17 0 27
65230 644 385 16 28 14 0 22
65231 25 173 17 16 17 0 21
65232 629 296 14 16 13 0 21
65233 523 219 26 17 25 1 22
65234 497 219 26 17 25 1 22
65235 130 82 10 19 9 0 24
65236 130 151 10 19 8 0 24
65237 433 388 18 25 19 2 23
65238 400 388 18 25 19 2 23
65239 130 128 10 19 9 0 24
65240 70 495 10 20 8 0 25
65241 237 66 20 21 19 1 26
65242 237 157 20 21 19 1 26
65243 41 340 14 18 13 0 23
65244 91 648 14 18 13 0 23
65245 411 441 16 26 16 2 26
65246 475 441 16 26 16 2 26
65247 0 323 8 21 7 0 26
65248 16 323 8 21 7 0 26
65249 615 647 11 19 11 1 13
65250 604 647 11 19 11 1 13
65251 521 643 14 9 13 0 14
65252 536 643 14 9 13 0 14
65253 374 571 16 21 17 2 19
65254 390 571 16 21 17 2 19
65255 0 101 9 16 8 0 21
65256 9 67 9 16 8 0 21
65257 153 616 9 11 9 0 16
65258 615 296 14 16 12 0 21
65259 186 0 14 14 14 0 19
65260 41 105 14 17 13 0 15
65261 41 122 14 17 14 1 14
65262 41 71 14 17 14 1 14
65263 229 627 20 16 20 0 15
65264 229 614 19 13 19 1 9
65265 237 178 20 21 20 0 15
65266 25 271 19 15 19 1 9
65267 0 117 9 17 8 0 15
65268 9 117 9 17 8 0 15
65269 679 442 16 25 17 1 27
65270 479 312 20 23 19 1 27
65271 450 0 17 26 17 0 28
65272 596 0 21 24 19 0 28
65273 237 324 16 27 17 1 23
65274 576 68 20 26 19 1 23
65275 358 571 16 21 17 1 23
65276 163 235 20 19 19 1 23
65532 82 377 32 23 32 0 23
